01,A000000003,01,20091231,128,C696034213D7D8546984579D1D0F0EA519CFF8DEFFC429354CF3A871A6F7183F1228DA5C7470C055387100CB935A712C4E2864DF5D64BA93FE7E63E71F25B1E5F5298575EBE1C63AA617706917911DC2A75AC28B251C7EF40F2365912490B939BCA2124A30A28F54402C34AECA331AB67E1E79B285DD5771B5D9FF79EA630B75,03
02,A000000003,07,20151231,144,A89F25A56FA6DA258C8CA8B40427D927B4A1EB4D7EA326BBB12F97DED70AE5E4480FC9C5E8A972177110A1CC318D06D2F8F5C4844AC5FA79A4DC470BB11ED635699C17081B90F1B984F12E92C1C529276D8AF8EC7F28492097D8CD5BECEA16FE4088F6CFAB4A1B42328A1B996F9278B0B7E3311CA5EF856C2F888474B83612A82E4E00D0CD4069A6783140433D50725F,03
03,A000000003,08,20181231,176,D9FD6ED75D51D0E30664BD157023EAA1FFA871E4DA65672B863D255E81E137A51DE4F72BCC9E44ACE12127F87E263D3AF9DD9CF35CA4A7B01E907000BA85D24954C2FCA3074825DDD4C0C8F186CB020F683E02F2DEAD3969133F06F7845166ACEB57CA0FC2603445469811D293BFEFBAFAB57631B3DD91E796BF850A25012F1AE38F05AA5C4D6D03B1DC2E568612785938BBC9B3CD3A910C1DA55A5A9218ACE0F7A21287752682F15832A678D6E1ED0B,03
04,A000000003,09,20181231,248,9D912248DE0A4E39C1A7DDE3F6D2588992C1A4095AFBD1824D1BA74847F2BC4926D2EFD904B4B54954CD189A54C5D1179654F8F9B0D2AB5F0357EB642FEDA95D3912C6576945FAB897E7062CAA44A4AA06B8FE6E3DBA18AF6AE3738E30429EE9BE03427C9D64F695FA8CAB4BFE376853EA34AD1D76BFCAD15908C077FFE6DC5521ECEF5D278A96E26F57359FFAEDA19434B937F1AD999DC5C41EB11935B44C18100E857F431A4A5A6BB65114F174C2D7B59FDF237D6BB1DD0916E644D709DED56481477C75D95CDD68254615F7740EC07F330AC5D67BCD75BF23D28A140826C026DBDE971A37CD3EF9B8DF644AC385010501EFC6509D7A41,03
05,A000000004,03,20091231,128,C2490747FE17EB0584C88D47B1602704150ADC88C5B998BD59CE043EDEBF0FFEE3093AC7956AD3B6AD4554C6DE19A178D6DA295BE15D5220645E3C8131666FA4BE5B84FE131EA44B039307638B9E74A8C42564F892A64DF1CB15712B736E3374F1BBB6819371602D8970E97B900793C7C2A89A4A1649A59BE680574DD0B60145,03
06,A000000004,04,20151231,144,A6DA428387A502D7DDFB7A74D3F412BE762627197B25435B7A81716A700157DDD06F7CC99D6CA28C2470527E2C03616B9C59217357C2674F583B3BA5C7DCF2838692D023E3562420B4615C439CA97C44DC9A249CFCE7B3BFB22F68228C3AF13329AA4A613CF8DD853502373D62E49AB256D2BC17120E54AEDCED6D96A4287ACC5C04677D4A5A320DB8BEE2F775E5FEC5,03
07,A000000004,05,20181231,176,B8048ABC30C90D976336543E3FD7091C8FE4800DF820ED55E7E94813ED00555B573FECA3D84AF6131A651D66CFF4284FB13B635EDD0EE40176D8BF04B7FD1C7BACF9AC7327DFAA8AA72D10DB3B8E70B2DDD811CB4196525EA386ACC33C0D9D4575916469C4E4F53E8E1C912CC618CB22DDE7C3568E90022E6BBA770202E4522A2DD623D180E215BD1D1507FE3DC90CA310D27B3EFCCD8F83DE3052CAD1E48938C68D095AAC91B5F37E28BB49EC7ED597,03
08,A000000004,06,20201231,248,CB26FC830B43785B2BCE37C81ED334622F9622F4C89AAE641046B2353433883F307FB7C974162DA72F7A4EC75D9D657336865B8D3023D3D645667625C9A07A6B7A137CF0C64198AE38FC238006FB2603F41F4F3BB9DA1347270F2F5D8C606E420958C5F7D50A71DE30142F70DE468889B5E3A08695B938A50FC980393A9CBCE44AD2D64F630BB33AD3F5F5FD495D31F37818C1D94071342E07F1BEC2194F6035BA5DED3936500EB82DFDA6E8AFB655B1EF3D0D7EBF86B66DD9F29F6B1D324FE8B26CE38AB2013DD13F611E7A594D675C4432350EA244CC34F3873CBA06592987A1D7E852ADC22EF5A2EE28132031E48F74037E3B34AB747F,03
09,A000000065,01,20201231,128,A290B97C1528EE7C6C0212354385E83BDCF588D863112C41D70B45B4C355236ED632A1228650806F7209B12A3F736526D7B3C6FA33F8915CC08C141E9856D2B85887DCE18377CE4F62A7C295B3585C3D609143A96A130285555704872E4E44A5F5D6839AAB73E7A5D5771BB5CA50C66E72D7DC95888C2D3B8B778985F9696411,010001
10,A000000065,10,20201231,144,99B63464EE0B4957E4FD23BF923D12B61469B8FFF8814346B2ED6A780F8988EA9CF0433BC1E655F05EFA66D0C98098F25B659D7A25B8478A36E489760D071F54CDF7416948ED733D816349DA2AADDA227EE45936203CBF628CD033AABA5E5A6E4AE37FBACB4611B4113ED427529C636F6C3304F8ABDD6D9AD660516AE87F7F2DDF1D2FA44C164727E56BBC9BA23C0285,03
11,A000000065,12,20201231,176,ADF05CD4C5B490B087C3467B0F3043750438848461288BFEFD6198DD576DC3AD7A7CFA07DBA128C247A8EAB30DC3A30B02FCD7F1C8167965463626FEFF8AB1AA61A4B9AEF09EE12B009842A1ABA01ADB4A2B170668781EC92B60F605FD12B2B2A6F1FE734BE510F60DC5D189E401451B62B4E06851EC20EBFF4522AACC2E9CDC89BC5D8CDE5D633CFD77220FF6BBD4A9B441473CC3C6FEFC8D13E57C3DE97E1269FA19F655215B23563ED1D1860D8681,03
12,A000000065,14,20201231,248,AEED55B9EE00E1ECEB045F61D2DA9A66AB637B43FB5CDBDB22A2FBB25BE061E937E38244EE5132F530144A3F268907D8FD648863F5A96FED7E42089E93457ADC0E1BC89C58A0DB72675FBC47FEE9FF33C16ADE6D341936B06B6A6F5EF6F66A4EDD981DF75DA8399C3053F430ECA342437C23AF423A211AC9F58EAF09B0F837DE9D86C7109DB1646561AA5AF0289AF5514AC64BC2D9D36A179BB8A7971E2BFA03A9E4B847FD3D63524D43A0E8003547B94A8A75E519DF3177D0A60BC0B4BAB1EA59A2CBB4D2D62354E926E9C7D3BE4181E81BA60F8285A896D17DA8C3242481B6C405769A39D547C74ED9FF95A70A796046B5EFF36682DC29,03
